%YAML:1.0
calibration_time: "Thu 16 Feb 2012 07:14:08 PM CST"
nframes: 10
image_width: 640
image_height: 480
board_width: 5
board_height: 4
square_size: 1.
flags: 0
camera_matrix: !!opencv-matrix
   rows: 3
   cols: 3
   dt: d
   data: [ 5.4578843129292557e+02, 0., 3.0742941824750960e+02, 0.,
       5.4503780054944912e+02, 2.0639659823859779e+02, 0., 0., 1. ]
distortion_coefficients: !!opencv-matrix
   rows: 5
   cols: 1
   dt: d
   data: [ 9.3153594888996896e-02, -1.1876424665202312e-01,
       -6.8224889325623206e-03, -3.8120753773605732e-03,
       -1.6156403924842661e-01 ]
avg_reprojection_error: 2.3225888429383088e-01
per_view_reprojection_errors: !!opencv-matrix
   rows: 10
   cols: 1
   dt: f
   data: [ 2.84805775e-01, 2.27728263e-01, 1.95118219e-01,
       2.43065819e-01, 2.18672439e-01, 2.08826140e-01, 2.77159572e-01,
       2.12949067e-01, 1.99297175e-01, 2.36654192e-01 ]
# a set of 6-tuples (rotation vector + translation vector) for each view
extrinsic_parameters: !!opencv-matrix
   rows: 10
   cols: 6
   dt: d
   data: [ -3.9049523012851767e-01, 7.6685409707593702e-02,
       1.6863339231101909e-01, -2.5266005505156079e+00,
       -6.9599848992110369e-01, 9.7365307248209749e+00,
       -3.7045635891997641e-01, 7.9564194916683553e-02,
       1.3803355773507364e-01, -2.6466352045799488e+00,
       -8.6595885409825335e-01, 9.7090336918967566e+00,
       -3.2787283130475731e-01, 9.3457561043757770e-02,
       1.2653216441500606e-01, -2.4750467046815072e+00,
       -1.4005252473409753e+00, 9.7702173736147913e+00,
       -2.9158836934550370e-01, 1.1148304475849609e-01,
       1.1199646325772311e-01, -2.3225450939047194e+00,
       -1.9163932253489537e+00, 9.8808807975661992e+00,
       -2.7975606887521659e-01, 1.4846577799374958e-01,
       1.3596522141634787e-01, -1.7665631104077570e+00,
       -2.1239505911949492e+00, 9.9767859509453221e+00,
       -2.9969812866841833e-01, 1.6534863945526801e-01,
       1.4250678535949571e-01, -1.4161818938096742e+00,
       -1.9822874162011579e+00, 1.0095645214188686e+01,
       -3.1832200160527407e-01, 1.6303938223088940e-01,
       1.1447884003840772e-01, -1.8707535243194735e+00,
       -1.4377355094050230e+00, 1.0170200893740178e+01,
       -3.6469473730346508e-01, 1.3978373168067953e-01,
       1.1891638163228797e-01, -2.1613066884477359e+00,
       -1.0550334210342867e+00, 1.0191760541543445e+01,
       -3.4849971844442540e-01, 1.4840476531725683e-01,
       9.6711613355841927e-02, -2.1136141108523594e+00,
       -1.2445138045108437e+00, 1.0078002577103041e+01,
       -3.2982951440050712e-01, 1.5616828436372124e-01,
       1.0002370169097791e-01, -2.0548259933651947e+00,
       -1.4419395516877616e+00, 1.0357364512252994e+01 ]
image_points: !!opencv-matrix
   rows: 10
   cols: 20
   dt: "2f"
   data: [ 1.64525009e+02, 1.66555649e+02, 2.19625626e+02,
       1.75028870e+02, 2.75320038e+02, 1.83519882e+02, 3.31659271e+02,
       1.92531494e+02, 3.89496613e+02, 1.99935425e+02, 1.48502838e+02,
       2.18787628e+02, 2.05484848e+02, 2.27587738e+02, 2.63302704e+02,
       2.36782166e+02, 3.22167206e+02, 2.45882034e+02, 3.82049438e+02,
       2.55756287e+02, 1.30674393e+02, 2.74796906e+02, 1.90055054e+02,
       2.84646912e+02, 2.50238602e+02, 2.94685028e+02, 3.11493225e+02,
       3.05205933e+02, 3.74323456e+02, 3.15723938e+02, 1.10841751e+02,
       3.36049988e+02, 1.72821762e+02, 3.47107147e+02, 2.35715164e+02,
       3.58309021e+02, 2.99993439e+02, 3.69927094e+02, 3.65686615e+02,
       3.81783569e+02, 1.56801270e+02, 1.56623978e+02, 2.12496613e+02,
       1.63528900e+02, 2.68688873e+02, 1.70531799e+02, 3.25824554e+02,
       1.77463715e+02, 3.84272858e+02, 1.83519531e+02, 1.42613190e+02,
       2.09714554e+02, 2.00036484e+02, 2.16779099e+02, 2.58297058e+02,
       2.24114258e+02, 3.17431213e+02, 2.31405396e+02, 3.77906738e+02,
       2.38948685e+02, 1.26993835e+02, 2.66109100e+02, 1.86575531e+02,
       2.73924866e+02, 2.46988983e+02, 2.82079376e+02, 3.08511902e+02,
       2.90371887e+02, 3.71479736e+02, 2.98814423e+02, 1.09579880e+02,
       3.26921143e+02, 1.71541779e+02, 3.35769470e+02, 2.34473709e+02,
       3.45015350e+02, 2.98637024e+02, 3.54451721e+02, 3.64264221e+02,
       3.63961426e+02, 1.67444778e+02, 1.27008057e+02, 2.22609802e+02,
       1.32689224e+02, 2.78668671e+02, 1.38617691e+02, 3.35668030e+02,
       1.44431671e+02, 3.94043396e+02, 1.49509476e+02, 1.55176773e+02,
       1.79507858e+02, 2.11813629e+02, 1.85294449e+02, 2.69491180e+02,
       1.91824478e+02, 3.28355621e+02, 1.98021088e+02, 3.88439423e+02,
       2.04707718e+02, 1.41523132e+02, 2.34868851e+02, 2.00253067e+02,
       2.41846176e+02, 2.59655731e+02, 2.48918335e+02, 3.20521301e+02,
       2.56321869e+02, 3.82723480e+02, 2.63544952e+02, 1.26500343e+02,
       2.94128326e+02, 1.87211929e+02, 3.01937592e+02, 2.48948151e+02,
       3.09836151e+02, 3.12017517e+02, 3.18195648e+02, 3.76558258e+02,
       3.26704346e+02, 1.77224991e+02, 9.89570770e+01, 2.31841064e+02,
       1.03339058e+02, 2.87450409e+02, 1.08038506e+02, 3.44497681e+02,
       1.12440964e+02, 4.02879486e+02, 1.16004875e+02, 1.66825485e+02,
       1.51028732e+02, 2.22593826e+02, 1.55958038e+02, 2.79507019e+02,
       1.60676208e+02, 3.37849121e+02, 1.65785873e+02, 3.97925842e+02,
       1.71203384e+02, 1.55408112e+02, 2.05604660e+02, 2.12820496e+02,
       2.11312607e+02, 2.71290985e+02, 2.17011017e+02, 3.31087097e+02,
       2.22759583e+02, 3.92524048e+02, 2.28604065e+02, 1.42764160e+02,
       2.62831085e+02, 2.01984451e+02, 2.69566589e+02, 2.62279999e+02,
       2.75938324e+02, 3.23800659e+02, 2.82997070e+02, 3.87360779e+02,
       2.90070984e+02, 2.09406906e+02, 8.88135834e+01, 2.63289948e+02,
       9.33105087e+01, 3.18306915e+02, 9.85134964e+01, 3.75397125e+02,
       1.03400185e+02, 4.34184387e+02, 1.07458305e+02, 1.98685608e+02,
       1.40171997e+02, 2.53372482e+02, 1.45390549e+02, 3.09633850e+02,
       1.51000656e+02, 3.67952148e+02, 1.56593353e+02, 4.28441193e+02,
       1.62654282e+02, 1.86993210e+02, 1.93559006e+02, 2.42966507e+02,
       2.00314301e+02, 3.00526093e+02, 2.06752335e+02, 3.60125336e+02,
       2.13588776e+02, 4.22172760e+02, 2.20536240e+02, 1.73919281e+02,
       2.49874191e+02, 2.31684647e+02, 2.57381622e+02, 2.90736237e+02,
       2.65354797e+02, 3.52141937e+02, 2.73443970e+02, 4.15668060e+02,
       2.81944305e+02, 2.29886826e+02, 9.82758942e+01, 2.82999847e+02,
       1.02645340e+02, 3.37520996e+02, 1.07612923e+02, 3.94452850e+02,
       1.12446419e+02, 4.53364868e+02, 1.16532104e+02, 2.18974899e+02,
       1.48720718e+02, 2.73107697e+02, 1.53819870e+02, 3.28877960e+02,
       1.59589081e+02, 3.87143951e+02, 1.65301788e+02, 4.47703949e+02,
       1.71587189e+02, 2.07280853e+02, 2.01263138e+02, 2.62610931e+02,
       2.07804901e+02, 3.19768616e+02, 2.14507843e+02, 3.79425995e+02,
       2.21683304e+02, 4.41986542e+02, 2.29071442e+02, 1.94224213e+02,
       2.56589050e+02, 2.51283783e+02, 2.64547974e+02, 3.10136841e+02,
       2.72666046e+02, 3.71477020e+02, 2.81394043e+02, 4.35523590e+02,
       2.90387970e+02, 2.06271683e+02, 1.28251724e+02, 2.58721191e+02,
       1.31878860e+02, 3.12587433e+02, 1.35845947e+02, 3.68179932e+02,
       1.39954865e+02, 4.25989960e+02, 1.42574829e+02, 1.95759079e+02,
       1.78954239e+02, 2.49453339e+02, 1.83180283e+02, 3.04681305e+02,
       1.87818466e+02, 3.61959991e+02, 1.92243103e+02, 4.21459991e+02,
       1.97332916e+02, 1.84345184e+02, 2.32119476e+02, 2.39675735e+02,
       2.37493088e+02, 2.96531250e+02, 2.43107483e+02, 3.55428711e+02,
       2.49178177e+02, 4.16639740e+02, 2.55185211e+02, 1.71492432e+02,
       2.88854462e+02, 2.28758316e+02, 2.95243500e+02, 2.87473145e+02,
       3.02216583e+02, 3.48708862e+02, 3.09242554e+02, 4.12062164e+02,
       3.16923492e+02, 1.90491974e+02, 1.49143555e+02, 2.42984787e+02,
       1.53644760e+02, 2.96715546e+02, 1.58047348e+02, 3.51739624e+02,
       1.62724136e+02, 4.08656738e+02, 1.66419388e+02, 1.79027313e+02,
